-4.826265E+00 -4.823570E+00
-4.749410E+00 -4.751829E+00
-4.833291E+00 -4.832898E+00
-4.841056E+00 -4.840859E+00
-4.808469E+00 -4.807114E+00
-4.836123E+00 -4.835706E+00
-4.782961E+00 -4.783624E+00
-4.800250E+00 -4.799421E+00
-4.827959E+00 -4.829607E+00
-4.763840E+00 -4.765926E+00
-4.787230E+00 -4.788034E+00
-4.831777E+00 -4.830706E+00
-4.823779E+00 -4.824728E+00
-4.844399E+00 -4.845181E+00
-4.761273E+00 -4.758574E+00
-4.776619E+00 -4.778287E+00
-4.774962E+00 -4.775046E+00
-4.809770E+00 -4.812812E+00
-4.774551E+00 -4.774260E+00
-4.804052E+00 -4.802711E+00
-4.806594E+00 -4.805326E+00
-4.763309E+00 -4.762698E+00
-4.839749E+00 -4.839791E+00
-4.823842E+00 -4.827339E+00
-4.808995E+00 -4.809840E+00
-4.778889E+00 -4.779308E+00
-4.797456E+00 -4.797457E+00
-4.800401E+00 -4.799179E+00
-4.782142E+00 -4.783870E+00
-4.816056E+00 -4.816793E+00
-4.841519E+00 -4.841385E+00
-4.766043E+00 -4.768011E+00
-4.805783E+00 -4.804528E+00
-4.768687E+00 -4.770443E+00
-4.797360E+00 -4.797206E+00
-4.787992E+00 -4.788030E+00
-4.800692E+00 -4.800045E+00
-4.797124E+00 -4.796898E+00
-4.807082E+00 -4.805786E+00
-4.828928E+00 -4.828390E+00
-4.782549E+00 -4.779757E+00
-4.810745E+00 -4.811408E+00
-4.807231E+00 -4.806901E+00
-4.836093E+00 -4.835479E+00
-4.742151E+00 -4.745246E+00
-4.782932E+00 -4.781664E+00
-4.839504E+00 -4.840302E+00
-4.831648E+00 -4.830373E+00
-4.840508E+00 -4.842138E+00
-4.780566E+00 -4.781942E+00
-4.804717E+00 -4.804261E+00
-4.790430E+00 -4.790864E+00
-4.796899E+00 -4.795715E+00
-4.803042E+00 -4.801679E+00
-4.765724E+00 -4.767716E+00
-4.775091E+00 -4.776652E+00
-4.743550E+00 -4.746161E+00
-4.823606E+00 -4.821958E+00
-4.806563E+00 -4.806000E+00
-4.751302E+00 -4.747064E+00
-4.808448E+00 -4.810072E+00
-4.816340E+00 -4.815598E+00
-4.804662E+00 -4.803420E+00
-4.810589E+00 -4.810813E+00
-4.833161E+00 -4.831671E+00
-4.833868E+00 -4.832683E+00
-4.799560E+00 -4.798707E+00
-4.762134E+00 -4.756800E+00
-4.823669E+00 -4.822550E+00
-4.754774E+00 -4.757703E+00
-4.837084E+00 -4.840108E+00
-4.773089E+00 -4.773046E+00
-4.828972E+00 -4.827681E+00
-4.840778E+00 -4.840764E+00
-4.769557E+00 -4.764207E+00
-4.772050E+00 -4.774595E+00
-4.810531E+00 -4.811237E+00
-4.763951E+00 -4.759622E+00
-4.842409E+00 -4.843758E+00
-4.848360E+00 -4.850453E+00
-4.845975E+00 -4.845864E+00
-4.794280E+00 -4.794837E+00
-4.827450E+00 -4.825537E+00
-4.811924E+00 -4.809812E+00
-4.753712E+00 -4.750313E+00
-4.818334E+00 -4.818670E+00
-4.831976E+00 -4.830788E+00
-4.841338E+00 -4.844058E+00
-4.823070E+00 -4.820335E+00
-4.738494E+00 -4.741538E+00
-4.801209E+00 -4.801285E+00
-4.835981E+00 -4.834968E+00
-4.810543E+00 -4.808377E+00
-4.761667E+00 -4.763685E+00
-4.768008E+00 -4.769798E+00
-4.813285E+00 -4.812702E+00
-4.782411E+00 -4.781479E+00
-4.827175E+00 -4.824753E+00
-4.806988E+00 -4.806369E+00
-4.832116E+00 -4.834301E+00
-4.816535E+00 -4.818227E+00
-4.811380E+00 -4.810484E+00
-4.843341E+00 -4.844767E+00
-4.837384E+00 -4.840532E+00
-4.840318E+00 -4.842678E+00
-4.836594E+00 -4.836241E+00
-4.831693E+00 -4.833137E+00
-4.840259E+00 -4.841060E+00
-4.829854E+00 -4.829940E+00
-4.837832E+00 -4.837975E+00
-4.802569E+00 -4.801531E+00
-4.796523E+00 -4.795890E+00
-4.846424E+00 -4.848391E+00
-4.811841E+00 -4.812565E+00
-4.775881E+00 -4.776620E+00
-4.763898E+00 -4.762546E+00
-4.772527E+00 -4.773350E+00
-4.796592E+00 -4.797009E+00
-4.816682E+00 -4.817903E+00
-4.782707E+00 -4.783267E+00
-4.834681E+00 -4.836482E+00
-4.779686E+00 -4.782539E+00
-4.799550E+00 -4.798878E+00
-4.797729E+00 -4.797998E+00
-4.820462E+00 -4.822021E+00
-4.817706E+00 -4.817456E+00
-4.767255E+00 -4.761828E+00
-4.847828E+00 -4.850668E+00
-4.798455E+00 -4.797833E+00
-4.837838E+00 -4.838271E+00
-4.765183E+00 -4.765507E+00
-4.792251E+00 -4.791253E+00
-4.797116E+00 -4.794978E+00
-4.842973E+00 -4.842617E+00
-4.794991E+00 -4.796050E+00
-4.769182E+00 -4.765335E+00
-4.840847E+00 -4.841821E+00
-4.834531E+00 -4.833601E+00
-4.797581E+00 -4.797858E+00
-4.796854E+00 -4.797390E+00
-4.825161E+00 -4.824938E+00
-4.768437E+00 -4.768473E+00
-4.836491E+00 -4.837102E+00
-4.778053E+00 -4.774907E+00
-4.844941E+00 -4.845832E+00
-4.795227E+00 -4.796483E+00
-4.829979E+00 -4.831097E+00
-4.830044E+00 -4.833724E+00
-4.800849E+00 -4.799432E+00
-4.783513E+00 -4.785581E+00
-4.823072E+00 -4.822552E+00
-4.766337E+00 -4.765506E+00
-4.759037E+00 -4.754895E+00
-4.808490E+00 -4.809751E+00
-4.836795E+00 -4.836899E+00
-4.824438E+00 -4.826323E+00
-4.777436E+00 -4.779658E+00
-4.840893E+00 -4.842000E+00
-4.816751E+00 -4.814820E+00
-4.794322E+00 -4.794518E+00
-4.739071E+00 -4.742143E+00
-4.801569E+00 -4.800649E+00
-4.764581E+00 -4.764479E+00
-4.833088E+00 -4.833042E+00
-4.774029E+00 -4.777635E+00
-4.783268E+00 -4.784400E+00
-4.777059E+00 -4.780358E+00
-4.825867E+00 -4.828295E+00
-4.762739E+00 -4.765815E+00
-4.796946E+00 -4.797270E+00
-4.750328E+00 -4.746527E+00
-4.791938E+00 -4.791004E+00
-4.768115E+00 -4.771862E+00
-4.819252E+00 -4.820409E+00
-4.820119E+00 -4.822393E+00
-4.805417E+00 -4.804730E+00
-4.807605E+00 -4.805791E+00
-4.836981E+00 -4.839000E+00
-4.830682E+00 -4.830271E+00
-4.830276E+00 -4.831053E+00
-4.769050E+00 -4.770832E+00
-4.826668E+00 -4.824968E+00
-4.844020E+00 -4.843839E+00
-4.798062E+00 -4.798721E+00
-4.846021E+00 -4.848887E+00
-4.762924E+00 -4.757488E+00
-4.830719E+00 -4.829901E+00
-4.820386E+00 -4.819178E+00
-4.799790E+00 -4.801226E+00
-4.811540E+00 -4.812317E+00
-4.824100E+00 -4.823463E+00
-4.824053E+00 -4.822879E+00
-4.827406E+00 -4.826154E+00
-4.768559E+00 -4.769145E+00
-4.801042E+00 -4.801142E+00
-4.755363E+00 -4.751219E+00
-4.793299E+00 -4.794097E+00
-4.845377E+00 -4.848222E+00
-4.827428E+00 -4.828809E+00
-4.797324E+00 -4.797825E+00
-4.789766E+00 -4.788330E+00
-4.797239E+00 -4.797830E+00
-4.785170E+00 -4.786447E+00
-4.783534E+00 -4.784826E+00
-4.823018E+00 -4.821476E+00
-4.828290E+00 -4.828028E+00
-4.846670E+00 -4.848970E+00
-4.840387E+00 -4.839437E+00
-4.845574E+00 -4.846010E+00
-4.782612E+00 -4.784099E+00
-4.803114E+00 -4.802087E+00
-4.775998E+00 -4.777843E+00
-4.788648E+00 -4.789968E+00
-4.830451E+00 -4.829354E+00
-4.793596E+00 -4.794023E+00
-4.806844E+00 -4.805755E+00
-4.837363E+00 -4.838370E+00
-4.827853E+00 -4.827312E+00
-4.787904E+00 -4.787564E+00
-4.819832E+00 -4.819051E+00
-4.759216E+00 -4.756464E+00
-4.826731E+00 -4.824349E+00
-4.780038E+00 -4.781599E+00
-4.771253E+00 -4.769133E+00
-4.778716E+00 -4.778795E+00
-4.806549E+00 -4.805428E+00
-4.810781E+00 -4.810442E+00
-4.820241E+00 -4.819417E+00
-4.797721E+00 -4.796707E+00
-4.791871E+00 -4.792330E+00
-4.828189E+00 -4.827964E+00
-4.804382E+00 -4.804506E+00
-4.786333E+00 -4.785205E+00
-4.776989E+00 -4.777240E+00
-4.766377E+00 -4.769422E+00
-4.827834E+00 -4.827677E+00
-4.756074E+00 -4.753089E+00
-4.826226E+00 -4.824657E+00
-4.797700E+00 -4.797611E+00
-4.839765E+00 -4.839717E+00
-4.831889E+00 -4.833715E+00
-4.836700E+00 -4.836003E+00
-4.782538E+00 -4.779211E+00
-4.796923E+00 -4.796855E+00
-4.798656E+00 -4.797733E+00
-4.831531E+00 -4.831290E+00
-4.839521E+00 -4.839834E+00
-4.783107E+00 -4.784636E+00
-4.840825E+00 -4.841382E+00
-4.765957E+00 -4.767443E+00
-4.772792E+00 -4.772697E+00
-4.774455E+00 -4.774782E+00
-4.830023E+00 -4.831874E+00
-4.781029E+00 -4.783506E+00
-4.843560E+00 -4.844534E+00
-4.784565E+00 -4.784063E+00
-4.777684E+00 -4.778163E+00
-4.830405E+00 -4.831416E+00
-4.787197E+00 -4.785227E+00
-4.798868E+00 -4.798728E+00
-4.796997E+00 -4.796963E+00
-4.764332E+00 -4.766669E+00
-4.829135E+00 -4.828915E+00
-4.796999E+00 -4.797308E+00
-4.803941E+00 -4.801540E+00
-4.797541E+00 -4.799473E+00
-4.842960E+00 -4.845831E+00
-4.833897E+00 -4.834851E+00
-4.841204E+00 -4.841329E+00
-4.774770E+00 -4.770707E+00
-4.836755E+00 -4.835596E+00
-4.832680E+00 -4.833019E+00
-4.785142E+00 -4.783525E+00
-4.781373E+00 -4.780503E+00
-4.771683E+00 -4.771642E+00
-4.780940E+00 -4.781090E+00
-4.813579E+00 -4.813096E+00
-4.761117E+00 -4.756438E+00
-4.823340E+00 -4.821993E+00
-4.835331E+00 -4.835634E+00
-4.820168E+00 -4.819394E+00
-4.779390E+00 -4.781012E+00
-4.791910E+00 -4.793298E+00
-4.774008E+00 -4.775347E+00
-4.769588E+00 -4.769192E+00
-4.802060E+00 -4.799936E+00
-4.800313E+00 -4.798904E+00
-4.751701E+00 -4.748233E+00
-4.787786E+00 -4.788930E+00
-4.801656E+00 -4.800635E+00
-4.831663E+00 -4.832052E+00
-4.801238E+00 -4.800905E+00
-4.775177E+00 -4.775128E+00
-4.828556E+00 -4.827087E+00
-4.790987E+00 -4.790957E+00
-4.806867E+00 -4.806815E+00
-4.831880E+00 -4.833762E+00
-4.789849E+00 -4.786983E+00
-4.845774E+00 -4.846035E+00
-4.802910E+00 -4.802337E+00
-4.776559E+00 -4.777421E+00
-4.846770E+00 -4.848978E+00
-4.778511E+00 -4.778784E+00
-4.829273E+00 -4.828966E+00
-4.799479E+00 -4.798568E+00
-4.838145E+00 -4.838529E+00
-4.804346E+00 -4.802907E+00
-4.776799E+00 -4.777307E+00
-4.759939E+00 -4.757416E+00
-4.851443E+00 -4.854125E+00
-4.781831E+00 -4.783074E+00
-4.819101E+00 -4.818525E+00
-4.827900E+00 -4.828863E+00
-4.806653E+00 -4.806317E+00
-4.828333E+00 -4.828252E+00
-4.799771E+00 -4.800275E+00
-4.838786E+00 -4.840833E+00
-4.799128E+00 -4.798860E+00
-4.805489E+00 -4.805265E+00
-4.804782E+00 -4.803161E+00
-4.791939E+00 -4.792216E+00
-4.759801E+00 -4.756712E+00
-4.777800E+00 -4.778690E+00
-4.842773E+00 -4.844303E+00
-4.804925E+00 -4.803782E+00
-4.778437E+00 -4.779117E+00
-4.850457E+00 -4.853161E+00
-4.830079E+00 -4.829639E+00
-4.820236E+00 -4.817813E+00
-4.776219E+00 -4.777321E+00
-4.796161E+00 -4.796437E+00
-4.845701E+00 -4.847361E+00
-4.834689E+00 -4.834673E+00
-4.790529E+00 -4.791229E+00
-4.825053E+00 -4.823668E+00
-4.804099E+00 -4.803834E+00
-4.806530E+00 -4.804117E+00
-4.830400E+00 -4.831077E+00
-4.774864E+00 -4.775187E+00
-4.771566E+00 -4.771860E+00
-4.831171E+00 -4.832526E+00
-4.779797E+00 -4.780385E+00
-4.833838E+00 -4.834239E+00
-4.841780E+00 -4.841137E+00
-4.810406E+00 -4.812903E+00
-4.814533E+00 -4.817112E+00
-4.845385E+00 -4.845457E+00
-4.797892E+00 -4.797988E+00
-4.802101E+00 -4.800869E+00
-4.802981E+00 -4.800628E+00
-4.831031E+00 -4.832631E+00
-4.775381E+00 -4.773861E+00
-4.774390E+00 -4.775200E+00
-4.763911E+00 -4.758526E+00
-4.779770E+00 -4.780788E+00
-4.796366E+00 -4.795444E+00
-4.843662E+00 -4.846612E+00
-4.821579E+00 -4.820972E+00
-4.801758E+00 -4.800469E+00
-4.842055E+00 -4.844655E+00
-4.824090E+00 -4.823004E+00
-4.796676E+00 -4.797286E+00
-4.791282E+00 -4.791262E+00
-4.763120E+00 -4.763156E+00
-4.795100E+00 -4.795662E+00
-4.786616E+00 -4.787286E+00
-4.834491E+00 -4.834054E+00
-4.806174E+00 -4.805839E+00
-4.797163E+00 -4.796343E+00
-4.839259E+00 -4.839838E+00
-4.800816E+00 -4.799092E+00
-4.805291E+00 -4.804982E+00
-4.799932E+00 -4.799847E+00
-4.776616E+00 -4.778342E+00
-4.831071E+00 -4.829892E+00
-4.830499E+00 -4.829414E+00
-4.816650E+00 -4.816155E+00
-4.762422E+00 -4.760333E+00
-4.843657E+00 -4.846132E+00
-4.809656E+00 -4.813017E+00
-4.841957E+00 -4.842960E+00
-4.844903E+00 -4.844786E+00
-4.829585E+00 -4.828344E+00
-4.845730E+00 -4.848238E+00
-4.773842E+00 -4.775703E+00
-4.807280E+00 -4.805492E+00
-4.797913E+00 -4.797162E+00
-4.834473E+00 -4.835751E+00
-4.810017E+00 -4.814112E+00
-4.812054E+00 -4.813105E+00
-4.785736E+00 -4.786156E+00
-4.777988E+00 -4.779688E+00
-4.808427E+00 -4.808338E+00
-4.771568E+00 -4.774697E+00
-4.792736E+00 -4.793743E+00
-4.798150E+00 -4.797728E+00
-4.833228E+00 -4.836067E+00
-4.811520E+00 -4.814326E+00
-4.838004E+00 -4.838346E+00
-4.828235E+00 -4.830756E+00
-4.805775E+00 -4.802699E+00
-4.812720E+00 -4.813270E+00
-4.813471E+00 -4.817079E+00
-4.823153E+00 -4.824747E+00
-4.803383E+00 -4.802512E+00
-4.796958E+00 -4.795392E+00
-4.800582E+00 -4.799039E+00
-4.737350E+00 -4.739970E+00
-4.836952E+00 -4.836506E+00
-4.830949E+00 -4.830169E+00
-4.804384E+00 -4.804325E+00
-4.807081E+00 -4.808726E+00
-4.829103E+00 -4.827095E+00
-4.845185E+00 -4.846034E+00
-4.790928E+00 -4.791226E+00
-4.823738E+00 -4.823623E+00
-4.780196E+00 -4.780201E+00
-4.833877E+00 -4.832592E+00
-4.762244E+00 -4.760259E+00
-4.788149E+00 -4.788000E+00
-4.765600E+00 -4.767623E+00
-4.829473E+00 -4.827642E+00
-4.827654E+00 -4.825727E+00
-4.747857E+00 -4.750723E+00
-4.831360E+00 -4.831395E+00
-4.799337E+00 -4.798012E+00
-4.789921E+00 -4.791980E+00
-4.831107E+00 -4.831964E+00
-4.775807E+00 -4.771921E+00
-4.780849E+00 -4.780431E+00
-4.811368E+00 -4.811443E+00
-4.809561E+00 -4.808746E+00
-4.771989E+00 -4.772974E+00
-4.839055E+00 -4.837567E+00
-4.762937E+00 -4.764418E+00
-4.794405E+00 -4.794155E+00
-4.771894E+00 -4.772832E+00
-4.796923E+00 -4.796401E+00
-4.818643E+00 -4.817477E+00
-4.765904E+00 -4.759955E+00
-4.841721E+00 -4.843070E+00
-4.848037E+00 -4.850321E+00
-4.764147E+00 -4.765121E+00
-4.803946E+00 -4.803114E+00
-4.816649E+00 -4.814423E+00
-4.825748E+00 -4.824706E+00
-4.773730E+00 -4.773628E+00
-4.772060E+00 -4.767150E+00
-4.802011E+00 -4.801742E+00
-4.821240E+00 -4.819972E+00
-4.783245E+00 -4.783937E+00
-4.817977E+00 -4.821607E+00
-4.804205E+00 -4.805528E+00
-4.810418E+00 -4.807702E+00
-4.832559E+00 -4.831056E+00
-4.818326E+00 -4.818908E+00
-4.794411E+00 -4.793068E+00
-4.750755E+00 -4.746943E+00
-4.767011E+00 -4.764590E+00
-4.827535E+00 -4.825177E+00
-4.831949E+00 -4.833273E+00
-4.784582E+00 -4.784617E+00
-4.837769E+00 -4.838819E+00
-4.780585E+00 -4.778684E+00
-4.826863E+00 -4.825376E+00
-4.797682E+00 -4.797564E+00
-4.798718E+00 -4.798227E+00
-4.837755E+00 -4.839901E+00
-4.737028E+00 -4.739758E+00
-4.764892E+00 -4.766661E+00
-4.845128E+00 -4.845543E+00
-4.797084E+00 -4.796861E+00
-4.804491E+00 -4.803843E+00
-4.760629E+00 -4.756401E+00
-4.849166E+00 -4.851243E+00
